BA Model
Parameters:
- m0:20.0
- m:2.0

1 [30, 33, 51, 65, 97, 160, 177, 215, 234, 296, 353, 457, 493, 510, 593, 801, 893]
2 [17, 49, 292]
3 [19, 92, 217]
4 [18, 37, 55, 60, 69, 74, 123, 125, 192, 287, 289, 420, 567, 633, 673, 931, 934]
5 [20, 44, 59, 66, 88, 111, 186, 204, 231, 296, 371, 464, 594, 604, 883, 977]
6 [17, 18, 43, 177, 200, 503, 722, 734, 776, 800]
7 [456, 614]
8 [21, 26, 62, 80, 84, 91, 111, 189, 282, 288, 302, 399, 524, 576, 600, 621, 749, 754, 805, 842, 875, 929]
9 [57, 156, 331, 665, 788]
10 [22, 23, 38, 42, 46, 68, 362, 449, 595, 615, 700, 748]
11 [19]
12 [33, 90, 169, 228, 293, 493, 769, 887]
13 [20, 21, 22, 25, 39, 45, 104, 110, 125, 193, 201, 260, 278, 279, 846, 901]
14 [135, 219, 221, 241, 252]
15 [29, 159, 273, 428]
16 [224, 233, 366, 418]
17 [2, 6, 23, 27, 30, 34, 74, 76, 176, 199, 285, 416, 438, 681, 803, 838, 890, 957]
18 [4, 6, 52, 63, 88, 97, 151, 192, 230, 319, 512, 542, 610, 646]
19 [3, 11, 24, 25, 31, 35, 60, 93, 126, 145, 215, 369, 396, 426, 465, 505, 550, 560, 768, 868]
20 [5, 13, 41, 109, 161, 197, 211, 278, 317, 655, 909]
21 [8, 13, 24, 27, 28, 31, 32, 36, 105, 122, 127, 137, 148, 154, 162, 164, 194, 197, 228, 236, 244, 246, 294, 308, 327, 349, 444, 447, 450, 453, 466, 497, 509, 562, 635, 637, 694, 724, 727, 747, 792, 867, 966]
22 [10, 13, 32, 48, 71, 79, 95, 107, 122, 124, 136, 146, 214, 248, 256, 313, 403, 522, 590, 599, 708, 725, 855]
23 [10, 17, 35, 43, 90, 94, 96, 101, 113, 172, 201, 259, 325, 333, 384, 429, 485, 513, 605, 608, 872, 964]
24 [19, 21, 26, 29, 87, 89, 91, 100, 108, 141, 368, 370, 433, 693, 867, 958]
25 [13, 19, 56, 167, 428, 495, 607, 809, 851]
26 [8, 24, 39, 49, 53, 62, 64, 77, 78, 87, 139, 164, 165, 173, 176, 186, 222, 237, 329, 346, 370, 393, 401, 512, 570, 611, 629, 691, 806, 829, 858, 989]
27 [17, 21, 28, 653]
28 [21, 27, 40, 143, 184, 202, 232, 335, 355, 421, 872]
29 [15, 24, 41, 51, 64, 131, 205, 240, 270, 357, 912, 914, 971]
30 [1, 17, 36, 38, 47, 56, 67, 78, 103, 116, 121, 130, 152, 180, 279, 305, 422, 509, 564, 668, 669, 805, 859, 916]
31 [19, 21, 40, 52, 54, 65, 86, 101, 142, 227, 232, 245, 271, 335, 454, 700, 726, 737, 858, 879]
32 [21, 22, 46, 81, 138, 144, 209, 647]
33 [1, 12, 34, 37, 45, 66, 67, 79, 166, 196, 216, 239, 254, 336, 343, 359, 360, 377, 414, 418, 481, 483, 518, 555, 557, 569, 666, 696, 713, 745, 759, 785, 917, 983]
34 [17, 33, 72, 114, 158, 182, 263, 268, 348, 417, 589, 939]
35 [19, 23, 132, 194, 222, 490]
36 [21, 30, 50, 166, 835]
37 [4, 33, 133, 488]
38 [10, 30, 50, 72, 118, 135, 150, 209, 226, 267, 517, 636, 717, 735, 925]
39 [13, 26, 59, 148, 170, 263, 281, 290, 539, 577, 613, 969]
40 [28, 31, 44, 163, 778]
41 [20, 29, 42, 63, 93, 124, 128, 129, 146, 432, 551, 592, 755, 795, 808, 810, 921]
42 [10, 41, 48, 89, 99, 106, 155, 420, 471, 740]
43 [6, 23, 47, 61, 71, 76, 137, 239, 275, 515, 665, 688, 744, 749, 949]
44 [5, 40, 57, 61, 69, 80, 82, 110, 257, 283, 311, 389, 401, 447, 562, 644, 682, 799, 811, 973]
45 [13, 33, 435, 494, 532, 581, 644, 832]
46 [10, 32, 53, 173, 411, 820, 945]
47 [30, 43, 960, 985]
48 [22, 42, 99, 641]
49 [2, 26, 58, 73, 75, 100, 130, 200, 375, 397, 590, 614, 638, 804]
50 [36, 38, 545]
51 [1, 29, 160, 223, 425, 579, 812]
52 [18, 31, 54, 77, 129, 174, 183, 188, 247, 315, 365, 600, 940]
53 [26, 46, 98, 413, 445, 772]
54 [31, 52, 55, 75, 107, 144, 171, 242, 340, 654, 926]
55 [4, 54, 178, 294, 326, 455]
56 [25, 30, 58, 139, 291, 776, 859]
57 [9, 44, 68, 81, 92, 109, 118, 264, 386, 471, 520, 624, 739, 883]
58 [49, 56, 234, 243, 249, 264, 454, 780, 786, 856]
59 [5, 39, 128]
60 [4, 19, 274, 467, 582, 864]
61 [43, 44]
62 [8, 26, 84, 136, 142, 265, 319, 577, 613]
63 [18, 41, 73, 98, 113, 163, 323, 332, 558, 596, 839]
64 [26, 29, 584]
65 [1, 31, 83, 216, 511, 688, 828]
66 [5, 33, 102, 121, 226, 237, 404, 871, 928]
67 [30, 33, 70, 321, 481, 658]
68 [10, 57, 85, 114, 266, 333, 603, 902]
69 [4, 44, 70, 103, 189, 282, 287, 324, 533, 631]
70 [67, 69, 112, 155, 182, 711]
71 [22, 43, 85, 664]
72 [34, 38, 315, 546, 937]
73 [49, 63, 123, 191, 297, 340]
74 [4, 17, 235, 458, 480, 718, 849]
75 [49, 54, 120, 134, 303]
76 [17, 43, 86, 256, 276, 301, 412, 426, 622, 633, 671, 757, 849, 889, 899, 951, 982]
77 [26, 52, 83, 161, 549, 572, 954, 970]
78 [26, 30, 82, 188, 298, 336]
79 [22, 33, 162, 530, 550]
80 [8, 44, 154, 229, 523]
81 [32, 57, 116, 156, 199, 375, 390, 538, 661, 833, 834, 919, 938]
82 [44, 78, 158, 170, 223, 376, 392, 398, 505, 564, 627, 642, 672, 728, 743, 815, 870]
83 [65, 77, 96, 141, 736]
84 [8, 62, 399, 484, 663, 783, 972, 973]
85 [68, 71, 112, 127, 149, 152, 196, 359, 437, 770]
86 [31, 76, 138, 483, 651, 709, 841]
87 [24, 26, 165, 168, 205, 207, 531, 549, 582, 699, 880, 958]
88 [5, 18, 490, 541, 619, 647, 685, 765, 775]
89 [24, 42, 95, 145, 187, 728, 992]
90 [12, 23, 94, 102, 108, 117, 132, 134, 198, 213, 353, 460, 472, 525, 526, 798, 902]
91 [8, 24, 131, 212, 274, 276, 822]
92 [3, 57, 115, 861]
93 [19, 41, 126, 159, 289, 363, 383, 563]
94 [23, 90, 105, 203, 631, 690, 818, 963]
95 [22, 89]
96 [23, 83, 106, 115, 140, 179, 187, 281, 305, 321, 453, 491, 612, 766, 904, 942]
97 [1, 18, 181, 755, 786]
98 [53, 63, 210, 486, 894]
99 [42, 48, 157, 388]
100 [24, 49, 104, 185, 204, 488, 793]
101 [23, 31, 932]
102 [66, 90, 143, 417]
103 [30, 69, 265, 337, 390, 491, 571]
104 [13, 100, 219, 225, 295, 502, 706, 944]
105 [21, 94, 607]
106 [42, 96, 379, 397, 408, 414, 524, 560, 658, 705, 730, 905]
107 [22, 54, 117, 208, 554]
108 [24, 90, 119, 175]
109 [20, 57, 119, 147, 150, 272, 522, 543, 565, 761, 821]
110 [13, 44, 213, 341, 506, 518, 552, 676, 677, 763, 831, 864]
111 [5, 8, 517, 568]
112 [70, 85, 153, 231, 250, 514, 620]
113 [23, 63]
114 [34, 68, 214, 654]
115 [92, 96, 185, 314, 394, 768]
116 [30, 81, 262, 482, 679]
117 [90, 107, 193, 250, 819]
118 [38, 57, 168, 893]
119 [108, 109, 120, 169, 184, 238, 449, 487, 535, 656, 667, 669, 674, 704]
120 [75, 119, 198, 211, 218, 221, 280, 367, 439, 468, 710, 744]
121 [30, 66, 317, 475, 531, 930, 995]
122 [21, 22, 133, 174, 284, 433, 536, 580, 659, 852]
123 [4, 73, 195, 202, 310, 339, 362, 427, 790, 918]
124 [22, 41, 157, 548]
125 [4, 13, 190, 326, 468]
126 [19, 93, 210, 253, 385, 534]
127 [21, 85, 149, 288, 478, 720]
128 [41, 59, 151, 206, 286, 376, 436, 463, 480, 687, 704, 717, 865, 916, 943, 981]
129 [41, 52, 258, 292, 681]
130 [30, 49, 178, 558]
131 [29, 91, 244, 347, 791, 903]
132 [35, 90, 500, 823]
133 [37, 122]
134 [75, 90, 140, 343]
135 [14, 38, 167, 261, 323, 368, 686]
136 [22, 62, 180, 227, 291, 309, 313, 334, 389, 574, 623, 843, 853, 887, 947]
137 [21, 43, 153, 758, 775]
138 [32, 86]
139 [26, 56, 191, 352, 519, 523, 752, 921]
140 [96, 134, 369, 516, 846]
141 [24, 83, 172, 181, 249, 355, 380, 891]
142 [31, 62, 342]
143 [28, 102, 224, 275, 303, 405, 425, 451, 869, 871]
144 [32, 54, 147, 218, 255, 980]
145 [19, 89, 630]
146 [22, 41]
147 [109, 144, 306]
148 [21, 39]
149 [85, 127]
150 [38, 109, 273, 430, 661, 880, 900, 978]
151 [18, 128, 495]
152 [30, 85, 259, 383, 406, 597, 689, 933, 943, 955]
153 [112, 137, 203, 253, 695, 820, 850, 937, 962, 965]
154 [21, 80, 379, 434, 566, 680]
155 [42, 70, 251, 764, 802]
156 [9, 81, 241, 327, 330, 391, 929, 971]
157 [99, 124, 364, 573, 695]
158 [34, 82, 179, 424, 462, 473, 675, 733]
159 [15, 93, 240]
160 [1, 51]
161 [20, 77]
162 [21, 79, 229, 260, 897, 980]
163 [40, 63, 257, 277, 884]
164 [21, 26, 283, 396, 854]
165 [26, 87, 609, 610]
166 [33, 36, 251, 625]
167 [25, 135, 171, 269, 299, 312, 400, 535, 545, 740, 794, 808]
168 [87, 118, 175, 380]
169 [12, 119, 258, 301, 464, 566]
170 [39, 82, 463]
171 [54, 167, 247]
172 [23, 141, 236, 541, 793]
173 [26, 46, 233, 361, 455, 927]
174 [52, 122, 190, 248, 421]
175 [108, 168, 183, 207, 270, 367, 460, 651, 733, 884]
176 [17, 26, 310, 469, 617, 779]
177 [1, 6, 217, 220, 238, 381, 382]
178 [55, 130, 476]
179 [96, 158, 534]
180 [30, 136, 300, 356, 404, 469, 603, 628, 634, 657, 684, 715, 890]
181 [97, 141, 386, 409, 479, 573, 650]
182 [34, 70, 350]
183 [52, 175, 230, 309, 515, 708]
184 [28, 119, 472, 907, 950]
185 [100, 115, 252, 637]
186 [5, 26, 486, 575]
187 [89, 96, 314, 626]
188 [52, 78, 320, 358, 606]
189 [8, 69, 286, 351, 452, 538, 796]
190 [125, 174, 325, 629]
191 [73, 139, 752]
192 [4, 18]
193 [13, 117, 195, 220, 416, 478, 519, 639, 643]
194 [21, 35, 206, 508, 856]
195 [123, 193, 242, 246, 255, 284, 615, 821]
196 [33, 85]
197 [20, 21, 208, 578, 686]
198 [90, 120, 567]
199 [17, 81, 955]
200 [6, 49, 298, 813]
201 [13, 23, 334, 342, 507, 866]
202 [28, 123, 212]
203 [94, 153]
204 [5, 100, 395]
205 [29, 87, 780, 982]
206 [128, 194, 532, 806]
207 [87, 175, 254, 322, 360, 366, 408, 489, 748, 761, 814]
208 [107, 197, 403, 440, 630]
209 [32, 38, 589, 959]
210 [98, 126, 243, 266, 272]
211 [20, 120, 431, 584, 602, 993]
212 [91, 202, 245, 374, 485, 496, 553, 618, 754, 848]
213 [90, 110]
214 [22, 114, 461, 511, 585, 639, 656, 885, 923, 941]
215 [1, 19, 459, 753]
216 [33, 65, 527]
217 [3, 177, 271, 306, 318, 565, 828]
218 [120, 144, 331, 419, 484, 694, 923]
219 [14, 104, 354, 373, 556]
220 [177, 193, 758]
221 [14, 120, 302, 339, 438, 591, 915]
222 [26, 35, 225, 832, 866]
223 [51, 82, 588]
224 [16, 143, 587]
225 [104, 222, 304, 451, 942, 967]
226 [38, 66, 583]
227 [31, 136]
228 [12, 21]
229 [80, 162]
230 [18, 183, 235, 561, 729, 922]
231 [5, 112, 372, 540, 646]
232 [28, 31, 300, 427, 540, 910]
233 [16, 173, 262, 285, 293, 316, 347, 423, 575, 692, 979]
234 [1, 58, 456]
235 [74, 230]
236 [21, 172, 394, 683]
237 [26, 66, 312]
238 [119, 177, 432, 913]
239 [33, 43, 712, 722]
240 [29, 159, 365, 616, 888]
241 [14, 156, 691]
242 [54, 195, 466, 784]
243 [58, 210, 267]
244 [21, 131, 621]
245 [31, 212, 269, 378, 649, 838]
246 [21, 195, 645, 889]
247 [52, 171, 304, 434, 609, 719, 848]
248 [22, 174, 261, 384, 703]
249 [58, 141, 328, 440]
250 [112, 117, 268, 358]
251 [155, 166, 617, 908]
252 [14, 185, 412]
253 [126, 153, 297, 378]
254 [33, 207, 504, 593, 720]
255 [144, 195, 731]
256 [22, 76]
257 [44, 163, 413, 419]
258 [129, 169, 307, 632, 797, 807]
259 [23, 152, 299, 892]
260 [13, 162, 446, 622, 635]
261 [135, 248]
262 [116, 233, 290, 356, 363, 374, 817, 881]
263 [34, 39, 387]
264 [57, 58, 391, 766]
265 [62, 103, 320, 798]
266 [68, 210, 308, 513, 680, 860]
267 [38, 243]
268 [34, 250, 372, 648]
269 [167, 245, 344]
270 [29, 175, 295, 618]
271 [31, 217, 307, 345, 742]
272 [109, 210, 393, 690, 741, 881]
273 [15, 150, 506, 559, 847]
274 [60, 91, 280, 338, 727]
275 [43, 143, 277, 526, 699, 930, 983]
276 [76, 91, 377, 578]
277 [163, 275]
278 [13, 20, 316, 328, 605, 920]
279 [13, 30, 830]
280 [120, 274, 373, 382, 461, 529, 583, 826, 922]
281 [39, 96, 442, 537, 698, 769]
282 [8, 69, 311]
283 [44, 164, 448]
284 [122, 195, 489, 606, 731]
285 [17, 233, 539, 569, 870, 896]
286 [128, 189]
287 [4, 69, 346]
288 [8, 127, 318]
289 [4, 93, 896, 925]
290 [39, 262, 452]
291 [56, 136, 783]
292 [2, 129, 475, 711, 926]
293 [12, 233, 338]
294 [21, 55, 529, 598]
295 [104, 270, 715, 794, 799]
296 [1, 5, 415, 553, 568]
297 [73, 253, 330, 351, 441, 764]
298 [78, 200, 341, 947]
299 [167, 259]
300 [180, 232, 387]
301 [76, 169]
302 [8, 221, 348, 502]
303 [75, 143, 332, 406, 777]
304 [225, 247, 423]
305 [30, 96, 448, 470, 580, 625, 785, 911]
306 [147, 217, 940]
307 [258, 271, 322, 473, 772, 939]
308 [21, 266]
309 [136, 183, 608, 660, 818, 977]
310 [123, 176]
311 [44, 282, 324, 442, 640, 650, 882, 957]
312 [167, 237, 345, 673, 901, 948]
313 [22, 136, 591, 738, 900, 990]
314 [115, 187]
315 [52, 72]
316 [233, 278, 457, 510, 655]
317 [20, 121, 349, 381]
318 [217, 288, 371, 802]
319 [18, 62, 424, 487, 581]
320 [188, 265, 329, 616]
321 [67, 96, 439, 450, 627, 836, 932]
322 [207, 307, 507, 667, 739]
323 [63, 135]
324 [69, 311, 436, 592, 723, 860]
325 [23, 190, 392, 407]
326 [55, 125, 337]
327 [21, 156, 364, 467, 501, 571]
328 [249, 278, 350, 444, 459, 773]
329 [26, 320, 649]
330 [156, 297, 429]
331 [9, 218, 361, 718, 723]
332 [63, 303]
333 [23, 68, 407, 551, 706, 952]
334 [136, 201, 352, 354, 402, 446, 479]
335 [28, 31]
336 [33, 78, 431]
337 [103, 326, 961]
338 [274, 293, 385]
339 [123, 221, 409, 632, 741]
340 [54, 73]
341 [110, 298, 344, 500]
342 [142, 201, 548, 800, 972]
343 [33, 134, 585]
344 [269, 341, 697, 992]
345 [271, 312, 422, 559, 574]
346 [26, 287, 796]
347 [131, 233, 619, 675]
348 [34, 302, 388, 443, 546, 756, 996]
349 [21, 317]
350 [182, 328, 504, 782]
351 [189, 297, 357, 933, 978]
352 [139, 334, 492, 623]
353 [1, 90, 415, 652]
354 [219, 334, 465, 555]
355 [28, 141, 398, 410, 474, 719, 781, 976]
356 [180, 262, 395, 544, 988]
357 [29, 351]
358 [188, 250, 441, 498, 543, 709, 745]
359 [33, 85, 626, 659]
360 [33, 207]
361 [173, 331, 969]
362 [10, 123]
363 [93, 262, 816]
364 [157, 327, 410, 443, 494, 721, 819, 877, 991]
365 [52, 240, 458, 678]
366 [16, 207]
367 [120, 175, 732]
368 [24, 135, 596, 638]
369 [19, 140]
370 [24, 26, 400]
371 [5, 318, 437, 698]
372 [231, 268, 411, 641]
373 [219, 280, 521, 533, 682]
374 [212, 262]
375 [49, 81]
376 [82, 128, 402, 684, 724, 804]
377 [33, 276, 430, 552, 813]
378 [245, 253]
379 [106, 154, 909]
380 [141, 168, 868]
381 [177, 317]
382 [177, 280, 462, 716]
383 [93, 152, 726]
384 [23, 248]
385 [126, 338, 628]
386 [57, 181, 928, 946]
387 [263, 300, 474, 648, 993]
388 [99, 348]
389 [44, 136]
390 [81, 103]
391 [156, 264]
392 [82, 325, 822, 863]
393 [26, 272, 405, 967]
394 [115, 236, 435]
395 [204, 356, 561, 767, 911]
396 [19, 164, 964]
397 [49, 106]
398 [82, 355, 653]
399 [8, 84, 547, 705, 918, 950]
400 [167, 370, 477]
401 [26, 44, 620, 692, 770]
402 [334, 376]
403 [22, 208, 611]
404 [66, 180, 496]
405 [143, 393, 771, 787]
406 [152, 303]
407 [325, 333, 498, 536]
408 [106, 207, 897]
409 [181, 339, 501, 841]
410 [355, 364, 693, 915]
411 [46, 372, 508, 986]
412 [76, 252]
413 [53, 257, 586]
414 [33, 106]
415 [296, 353]
416 [17, 193]
417 [34, 102, 586]
418 [16, 33, 598]
419 [218, 257]
420 [4, 42, 869]
421 [28, 174]
422 [30, 345, 604, 703]
423 [233, 304]
424 [158, 319, 477, 499, 537]
425 [51, 143, 721]
426 [19, 76]
427 [123, 232]
428 [15, 25, 747]
429 [23, 330]
430 [150, 377, 696]
431 [211, 336, 771]
432 [41, 238]
433 [24, 122, 482, 787, 836, 840]
434 [154, 247, 920]
435 [45, 394, 576]
436 [128, 324, 663]
437 [85, 371]
438 [17, 221]
439 [120, 321, 588]
440 [208, 249, 516, 781]
441 [297, 358, 634, 702]
442 [281, 311]
443 [348, 364, 445, 547, 936]
444 [21, 328, 601]
445 [53, 443]
446 [260, 334]
447 [21, 44]
448 [283, 305, 470, 642, 823, 908, 963]
449 [10, 119, 597, 666]
450 [21, 321]
451 [143, 225]
452 [189, 290]
453 [21, 96]
454 [31, 58, 476, 497, 503, 944, 953]
455 [55, 173, 514, 774, 905]
456 [7, 234, 525]
457 [1, 316, 530, 674]
458 [74, 365, 751]
459 [215, 328, 985]
460 [90, 175]
461 [214, 280, 521, 737]
462 [158, 382]
463 [128, 170, 579, 712]
464 [5, 169]
465 [19, 354]
466 [21, 242, 556, 557]
467 [60, 327, 542, 652, 874]
468 [120, 125, 570, 668, 968]
469 [176, 180, 587]
470 [305, 448]
471 [42, 57, 499, 599, 811]
472 [90, 184, 801]
473 [158, 307, 826]
474 [355, 387, 906]
475 [121, 292, 710]
476 [178, 454, 492, 839]
477 [400, 424, 892]
478 [127, 193, 988]
479 [181, 334, 563, 824]
480 [74, 128, 544]
481 [33, 67]
482 [116, 433, 876]
483 [33, 86]
484 [84, 218, 528, 792, 941]
485 [23, 212, 527]
486 [98, 186]
487 [119, 319, 528]
488 [37, 100]
489 [207, 284, 773, 895]
490 [35, 88]
491 [96, 103]
492 [352, 476, 670]
493 [1, 12]
494 [45, 364]
495 [25, 151]
496 [212, 404]
497 [21, 454]
498 [358, 407, 827]
499 [424, 471]
500 [132, 341]
501 [327, 409, 935]
502 [104, 302, 601, 678, 716]
503 [6, 454, 595]
504 [254, 350, 636, 936, 976]
505 [19, 82, 677]
506 [110, 273, 676]
507 [201, 322]
508 [194, 411]
509 [21, 30, 904]
510 [1, 316]
511 [65, 214]
512 [18, 26]
513 [23, 266]
514 [112, 455, 520, 729, 795, 831, 984]
515 [43, 183]
516 [140, 440]
517 [38, 111]
518 [33, 110, 594]
519 [139, 193, 602, 645, 968]
520 [57, 514]
521 [373, 461]
522 [22, 109]
523 [80, 139, 702, 834, 970]
524 [8, 106, 572]
525 [90, 456, 844, 924]
526 [90, 275]
527 [216, 485]
528 [484, 487, 835]
529 [280, 294, 743]
530 [79, 457, 886]
531 [87, 121, 817]
532 [45, 206, 803]
533 [69, 373]
534 [126, 179, 714]
535 [119, 167, 624, 662]
536 [122, 407]
537 [281, 424, 554, 612, 683, 782, 815, 952]
538 [81, 189, 750]
539 [39, 285]
540 [231, 232]
541 [88, 172, 640]
542 [18, 467]
543 [109, 358]
544 [356, 480]
545 [50, 167]
546 [72, 348]
547 [399, 443, 888]
548 [124, 342]
549 [77, 87, 643, 840]
550 [19, 79, 790, 910]
551 [41, 333]
552 [110, 377]
553 [212, 296]
554 [107, 537]
555 [33, 354]
556 [219, 466]
557 [33, 466]
558 [63, 130]
559 [273, 345]
560 [19, 106, 774]
561 [230, 395, 751]
562 [21, 44]
563 [93, 479]
564 [30, 82, 750]
565 [109, 217, 672, 912]
566 [154, 169, 714]
567 [4, 198]
568 [111, 296, 664]
569 [33, 285]
570 [26, 468]
571 [103, 327, 886]
572 [77, 524]
573 [157, 181, 810, 816]
574 [136, 345, 778]
575 [186, 233, 857]
576 [8, 435, 660]
577 [39, 62, 707, 809, 875]
578 [197, 276, 662, 995]
579 [51, 463]
580 [122, 305]
581 [45, 319, 738, 779, 991]
582 [60, 87]
583 [226, 280, 687, 753]
584 [64, 211, 735]
585 [214, 343]
586 [413, 417, 670]
587 [224, 469]
588 [223, 439, 873, 898]
589 [34, 209]
590 [22, 49]
591 [221, 313]
592 [41, 324]
593 [1, 254]
594 [5, 518]
595 [10, 503]
596 [63, 368]
597 [152, 449, 833]
598 [294, 418, 777]
599 [22, 471, 730, 746]
600 [8, 52]
601 [444, 502]
602 [211, 519, 807]
603 [68, 180, 814, 956]
604 [5, 422]
605 [23, 278, 759]
606 [188, 284]
607 [25, 105]
608 [23, 309, 767]
609 [165, 247, 862]
610 [18, 165]
611 [26, 403, 657]
612 [96, 537, 852]
613 [39, 62, 725]
614 [7, 49]
615 [10, 195]
616 [240, 320]
617 [176, 251]
618 [212, 270, 959]
619 [88, 347]
620 [112, 401, 899]
621 [8, 244]
622 [76, 260]
623 [136, 352]
624 [57, 535]
625 [166, 305, 765, 850]
626 [187, 359]
627 [82, 321]
628 [180, 385]
629 [26, 190, 685, 837]
630 [145, 208]
631 [69, 94, 763, 931]
632 [258, 339]
633 [4, 76]
634 [180, 441, 951]
635 [21, 260, 938]
636 [38, 504]
637 [21, 185]
638 [49, 368]
639 [193, 214]
640 [311, 541, 713]
641 [48, 372]
642 [82, 448]
643 [193, 549, 837]
644 [44, 45]
645 [246, 519]
646 [18, 231, 898]
647 [32, 88]
648 [268, 387]
649 [245, 329, 671]
650 [181, 311]
651 [86, 175]
652 [353, 467]
653 [27, 398, 797, 824]
654 [54, 114, 689]
655 [20, 316]
656 [119, 214]
657 [180, 611]
658 [67, 106, 829, 906, 994]
659 [122, 359, 679]
660 [309, 576, 734, 760, 853]
661 [81, 150]
662 [535, 578]
663 [84, 436, 736]
664 [71, 568]
665 [9, 43]
666 [33, 449]
667 [119, 322, 788]
668 [30, 468, 762]
669 [30, 119]
670 [492, 586]
671 [76, 649, 701, 742]
672 [82, 565]
673 [4, 312]
674 [119, 457]
675 [158, 347]
676 [110, 506, 697]
677 [110, 505, 707]
678 [365, 502]
679 [116, 659, 885]
680 [154, 266, 990]
681 [17, 129]
682 [44, 373]
683 [236, 537]
684 [180, 376]
685 [88, 629]
686 [135, 197]
687 [128, 583]
688 [43, 65, 903]
689 [152, 654, 827]
690 [94, 272, 953]
691 [26, 241]
692 [233, 401, 760]
693 [24, 410]
694 [21, 218, 945]
695 [153, 157]
696 [33, 430, 843, 845]
697 [344, 676, 865]
698 [281, 371, 701]
699 [87, 275]
700 [10, 31]
701 [671, 698, 791]
702 [441, 523]
703 [248, 422]
704 [119, 128]
705 [106, 399]
706 [104, 333]
707 [577, 677]
708 [22, 183]
709 [86, 358]
710 [120, 475]
711 [70, 292]
712 [239, 463]
713 [33, 640]
714 [534, 566]
715 [180, 295, 784]
716 [382, 502]
717 [38, 128]
718 [74, 331, 789, 981]
719 [247, 355, 732]
720 [127, 254, 874]
721 [364, 425, 756]
722 [6, 239]
723 [324, 331, 924]
724 [21, 376, 757]
725 [22, 613]
726 [31, 383, 863]
727 [21, 274, 975]
728 [82, 89]
729 [230, 514]
730 [106, 599]
731 [255, 284]
732 [367, 719, 979]
733 [158, 175]
734 [6, 660, 996]
735 [38, 584]
736 [83, 663]
737 [31, 461, 812]
738 [313, 581]
739 [57, 322, 845]
740 [42, 167]
741 [272, 339, 847]
742 [271, 671, 746]
743 [82, 529, 789]
744 [43, 120]
745 [33, 358]
746 [599, 742, 966]
747 [21, 428, 854]
748 [10, 207, 762, 862]
749 [8, 43]
750 [538, 564, 861]
751 [458, 561, 844]
752 [139, 191]
753 [215, 583, 946]
754 [8, 212]
755 [41, 97]
756 [348, 721]
757 [76, 724]
758 [137, 220]
759 [33, 605]
760 [660, 692]
761 [109, 207]
762 [668, 748]
763 [110, 631]
764 [155, 297, 894]
765 [88, 625]
766 [96, 264]
767 [395, 608]
768 [19, 115, 825, 965]
769 [12, 281]
770 [85, 401]
771 [405, 431]
772 [53, 307]
773 [328, 489]
774 [455, 560]
775 [88, 137]
776 [6, 56, 935]
777 [303, 598]
778 [40, 574]
779 [176, 581]
780 [58, 205]
781 [355, 440]
782 [350, 537]
783 [84, 291]
784 [242, 715]
785 [33, 305, 914]
786 [58, 97, 878]
787 [405, 433]
788 [9, 667]
789 [718, 743]
790 [123, 550]
791 [131, 701]
792 [21, 484]
793 [100, 172, 825]
794 [167, 295]
795 [41, 514, 974]
796 [189, 346]
797 [258, 653]
798 [90, 265]
799 [44, 295]
800 [6, 342]
801 [1, 472, 919]
802 [155, 318]
803 [17, 532, 842]
804 [49, 376, 895, 986]
805 [8, 30]
806 [26, 206]
807 [258, 602, 956]
808 [41, 167, 851, 882]
809 [25, 577]
810 [41, 573, 878]
811 [44, 471]
812 [51, 737, 877, 960]
813 [200, 377]
814 [207, 603]
815 [82, 537]
816 [363, 573]
817 [262, 531]
818 [94, 309]
819 [117, 364]
820 [46, 153]
821 [109, 195]
822 [91, 392, 989]
823 [132, 448]
824 [479, 653]
825 [768, 793, 830, 855]
826 [280, 473]
827 [498, 689]
828 [65, 217]
829 [26, 658, 907]
830 [279, 825]
831 [110, 514]
832 [45, 222]
833 [81, 597]
834 [81, 523]
835 [36, 528]
836 [321, 433]
837 [629, 643, 962]
838 [17, 245]
839 [63, 476]
840 [433, 549, 891]
841 [86, 409]
842 [8, 803]
843 [136, 696, 857, 954]
844 [525, 751]
845 [696, 739]
846 [13, 140]
847 [273, 741]
848 [212, 247]
849 [74, 76]
850 [153, 625]
851 [25, 808]
852 [122, 612]
853 [136, 660]
854 [164, 747, 873]
855 [22, 825, 876]
856 [58, 194]
857 [575, 843]
858 [26, 31]
859 [30, 56]
860 [266, 324]
861 [92, 750]
862 [609, 748]
863 [392, 726]
864 [60, 110]
865 [128, 697]
866 [201, 222]
867 [21, 24]
868 [19, 380]
869 [143, 420, 879]
870 [82, 285]
871 [66, 143]
872 [23, 28]
873 [588, 854]
874 [467, 720]
875 [8, 577]
876 [482, 855]
877 [364, 812]
878 [786, 810]
879 [31, 869, 913]
880 [87, 150]
881 [262, 272]
882 [311, 808]
883 [5, 57]
884 [163, 175]
885 [214, 679, 987]
886 [530, 571, 927]
887 [12, 136, 917]
888 [240, 547]
889 [76, 246]
890 [17, 180]
891 [141, 840]
892 [259, 477]
893 [1, 118, 987]
894 [98, 764]
895 [489, 804]
896 [285, 289]
897 [162, 408]
898 [588, 646]
899 [76, 620]
900 [150, 313]
901 [13, 312]
902 [68, 90]
903 [131, 688]
904 [96, 509]
905 [106, 455]
906 [474, 658]
907 [184, 829]
908 [251, 448]
909 [20, 379]
910 [232, 550, 934]
911 [305, 395]
912 [29, 565]
913 [238, 879, 949]
914 [29, 785]
915 [221, 410]
916 [30, 128]
917 [33, 887, 975]
918 [123, 399, 994]
919 [81, 801]
920 [278, 434, 984]
921 [41, 139]
922 [230, 280, 961]
923 [214, 218]
924 [525, 723]
925 [38, 289]
926 [54, 292]
927 [173, 886]
928 [66, 386]
929 [8, 156]
930 [121, 275]
931 [4, 631]
932 [101, 321]
933 [152, 351]
934 [4, 910]
935 [501, 776]
936 [443, 504]
937 [72, 153, 948, 974]
938 [81, 635]
939 [34, 307]
940 [52, 306]
941 [214, 484]
942 [96, 225]
943 [128, 152]
944 [104, 454]
945 [46, 694]
946 [386, 753]
947 [136, 298]
948 [312, 937]
949 [43, 913]
950 [184, 399]
951 [76, 634]
952 [333, 537]
953 [454, 690]
954 [77, 843]
955 [152, 199]
956 [603, 807]
957 [17, 311]
958 [24, 87]
959 [209, 618]
960 [47, 812]
961 [337, 922]
962 [153, 837]
963 [94, 448]
964 [23, 396]
965 [153, 768]
966 [21, 746]
967 [225, 393]
968 [468, 519]
969 [39, 361]
970 [77, 523]
971 [29, 156]
972 [84, 342]
973 [44, 84]
974 [795, 937]
975 [727, 917]
976 [355, 504]
977 [5, 309]
978 [150, 351]
979 [233, 732]
980 [144, 162]
981 [128, 718]
982 [76, 205]
983 [33, 275]
984 [514, 920]
985 [47, 459]
986 [411, 804]
987 [885, 893]
988 [356, 478]
989 [26, 822]
990 [313, 680]
991 [364, 581]
992 [89, 344]
993 [211, 387]
994 [658, 918]
995 [121, 578]
996 [348, 734]
